0.33333
0.16667
0.66667
0.33333
0.16667
0.16667
0.16667
0.21053
0.33333
0.33333
0.33333
0.16667
0.16667
0.33333
-0.33333
0.33333
0.16667
0.22024
-0.5
0.33333
0.16667
0.15385
-0.33333
0.38889
0.11111
0.16667
0.33333
0.5
0.1645
0.16667
0.42857
0.33333
0.33333
-0.16667
0.16667
0.34722
0.28205
0.33333
-0.33333
0.41667
0.16667
-5.4001e-13
0.33333
0.16667
0.15556
0.33333
0.33333
0.66667
0.16667
-0.33333
0.33333
0.33333
-0.33333
0.41667
0.33333
0.33333
0.33333
0.33333
0.66667
0.33333
0.13333
0.41414
0.30952
0.13333
0.43678
0.33333
0.16667
0.33333
0.16667
0.5
0.43333
0.33333
0.33333
0.40351
4.6416e-16
0.33333
0.36667
0.37255
0.28889
0.15385
0.11111
0.16667
0.17262
0.55556
0.36111
0.33333
0.16667
0.33333
